image: mob_robM_2023_04_03__02_14_58.pgm
resolution: 0.050000
origin: [-12.700000, -10.000000, 0.000000]
negate: 0
occupied_thresh: 0.65
free_thresh: 0.196

